box_id,ok,inf_S,max_subdivision_depth,elapsed_seconds,lambda1_lower,lambda2_upper,mass_matrix_lower,lambda3_lower,lambda3_minus_3pi2_over2_lower
3,1,1.60905340460864181e+01,0,2.18896419999999985e+01,8.21259498909271635e+00,1.18751317861705328e+01,1.13671863403855905e-01,1.91824532730066402e+01,4.37804667137259784e+00
35,1,9.92138278317076328e+00,1,4.58908380000000022e+01,8.16183922713307552e+00,1.20715438496305989e+01,1.06005941582445445e-01,1.91209767718089410e+01,4.31657017017489864e+00
67,1,9.33542469690342500e+01,0,5.34680930000000032e+01,8.08643727499230103e+00,1.21191281550111842e+01,1.67738276358560617e-01,1.97338400256411504e+01,4.92943342400710804e+00
99,1,1.20051697157747910e+01,1,7.36663790000000063e+01,8.13210502170017158e+00,1.20897846630853341e+01,1.17494694070487168e-01,1.92537481869812623e+01,4.44934158534722002e+00
131,1,5.89371028933300067e+00,0,8.01129569999999944e+01,8.11721482169442865e+00,1.20462216617538544e+01,9.90023009789862685e-02,1.87872248439613827e+01,3.98281824232734039e+00
163,1,1.30716592848272910e+01,0,8.66372400000000056e+01,8.09418351066030795e+00,1.21093015631069836e+01,1.54127209750600846e-01,1.97330985086792481e+01,4.92869190704520577e+00
195,1,1.02710514192138973e+01,1,1.07208558999999994e+02,8.01346594264169099e+00,1.23197453369884933e+01,1.17095013106898529e-01,1.89143162796697410e+01,4.10990967803569873e+00
227,1,3.08165285828639242e+01,0,1.13616872000000001e+02,7.92272502145481639e+00,1.25095198981817024e+01,9.91952982444946618e-02,1.84504690431202967e+01,3.64606244148625436e+00
259,1,9.62184914342077491e+00,0,1.19984082000000001e+02,8.01408433128050390e+00,1.22354190099558213e+01,1.59350723551484968e-01,1.97333933865072098e+01,4.92898678487316744e+00
291,1,5.53705616695701508e-01,1,1.40079142999999988e+02,8.17832267605573016e+00,1.20455599401431233e+01,1.20446106310448137e-01,1.92361536706568259e+01,4.43174706902278359e+00
323,1,2.85809809662239971e+01,1,1.69155869999999993e+02,8.07818739243396777e+00,1.23971350568118339e+01,1.06384993220355772e-01,1.92390112099776509e+01,4.43460460834360859e+00
355,1,5.41224575397895080e+01,0,1.75359946000000008e+02,7.80662905129810003e+00,1.27353204956916422e+01,1.68552226810879113e-01,1.97350825339922018e+01,4.93067593235815949e+00
387,1,1.72073066162051660e+01,1,2.04370259000000004e+02,8.01943010335364548e+00,1.25013680909421065e+01,1.17180274130325154e-01,1.93314583208267301e+01,4.52705171919268778e+00
419,1,4.26561299872275015e+01,1,2.33572586000000001e+02,8.15305436680000106e+00,1.22133497512488010e+01,1.08674077023815929e-01,1.92708762753664651e+01,4.46646967373242276e+00
451,1,8.57647699287295495e+00,1,2.53346146000000005e+02,8.05538705163454161e+00,1.23399531236609246e+01,1.66354025119039378e-01,1.97338634952183831e+01,4.92945689358434080e+00
483,1,3.92924928485631781e+01,1,2.82142351000000019e+02,7.91779839728309653e+00,1.27596486968552831e+01,1.18968651597362002e-01,1.92582414342799773e+01,4.45383483264593494e+00
515,1,2.28944492117675722e+01,0,2.88423035000000027e+02,7.76873690310774023e+00,1.29229150928761083e+01,9.75640440666690756e-02,1.80112151706987973e+01,3.20680856906475498e+00
547,1,2.29960811421285882e+00,1,3.12494638000000009e+02,7.94428614012788614e+00,1.25318635852381774e+01,1.69097116204670661e-01,1.97343409923794155e+01,4.92993439074537321e+00
579,1,9.08973287090999094e+00,1,3.32244983999999988e+02,8.12155599274518103e+00,1.22327634558631644e+01,1.24666756519979091e-01,1.92656576061461280e+01,4.46125100451208567e+00
611,1,4.12131374402830275e+01,1,3.61420840999999996e+02,8.00571691770075589e+00,1.26145710310495822e+01,1.09654635294531511e-01,1.92063970646603259e+01,4.40199046302628361e+00
643,1,8.00586582736761017e+01,0,3.67444658000000004e+02,7.72140952129627234e+00,1.32217117482372810e+01,1.77613182534940406e-01,1.97365769969349181e+01,4.93217039530087575e+00
675,1,2.72956399147484987e+01,1,3.96354612999999972e+02,7.91686970285332148e+00,1.28074470473575488e+01,1.20624499240677002e-01,1.92934469189520286e+01,4.48904031731798625e+00
707,1,8.40559463172180799e+00,1,4.16276140999999996e+02,8.03616409742631888e+00,1.24167531562831108e+01,1.08786135858672334e-01,1.88371340116340100e+01,4.03272740999996770e+00
739,1,3.25128691702410109e+01,0,4.22445115999999985e+02,7.93559857712154848e+00,1.25822077314284755e+01,1.74078132170367134e-01,1.97346268729005097e+01,4.93022027126646734e+00
771,1,3.27125635653989022e+01,0,4.28674241999999992e+02,7.69996669810920942e+00,1.31273510180445943e+01,1.15859479450309888e-01,1.84151702763182819e+01,3.61076367468423953e+00
803,1,9.60577563109027892e+01,0,4.34914097000000027e+02,7.78821915514889351e+00,1.30308776697538580e+01,1.08175174364932458e-01,1.85005942830667642e+01,3.69618768143272192e+00
835,1,3.21504055893904734e+01,0,4.41032758000000001e+02,7.81184249729296276e+00,1.28443037960893971e+01,1.74899837567074862e-01,1.97352656013056027e+01,4.93085899967156038e+00
867,1,8.19168157886049286e+00,0,4.47273079999999993e+02,8.02338002441712383e+00,1.23946163445054474e+01,1.22128479657945793e-01,1.92934314699083025e+01,4.48902486827426017e+00
899,1,1.18946137425626901e+01,0,4.53556215000000009e+02,7.84178934086302526e+00,1.27844875054511036e+01,1.01387386230960108e-01,1.84162278891183426e+01,3.61182128748430031e+00
931,1,1.17374831815940240e+02,0,4.59652448999999990e+02,7.78634025610020952e+00,1.32566095673814051e+01,1.86461705460676558e-01,1.97371393556950494e+01,4.93273275406100709e+00
963,1,2.42407543137975132e+01,1,4.79360592999999994e+02,7.86149386246595938e+00,1.28345620397303417e+01,1.23145956334585166e-01,1.88969404311649427e+01,4.09253382953090039e+00
995,1,8.30546315681150205e+00,0,4.85574001000000010e+02,7.93945435226105811e+00,1.25938812821298480e+01,1.05500486711164548e-01,1.87493720383260474e+01,3.94496543669200506e+00
1027,1,3.45253580816202899e+00,0,4.91831511999999975e+02,7.90742917323761318e+00,1.25688366419370645e+01,1.68030186099243500e-01,1.97342751706040005e+01,4.92986856896995818e+00
1059,1,1.48080375344825654e+00,1,5.16396671999999967e+02,7.87895748863258660e+00,1.29132302579191425e+01,1.21787716585428821e-01,1.88539429907286795e+01,4.04953638909463720e+00
1091,1,4.89442557110773038e+01,0,5.22670549000000051e+02,7.75394763036652712e+00,1.30324625113185792e+01,1.01974925497026192e-01,1.82182857136740139e+01,3.41387911203997163e+00
1123,1,1.11707566939980651e+01,1,5.42420074999999997e+02,7.91140197882211993e+00,1.26749688073320694e+01,1.71993645265088924e-01,1.97348399356714737e+01,4.93043333403743134e+00
1155,1,3.05912704654172494e+01,1,5.71429476000000022e+02,8.17839600706427738e+00,1.22033092962758332e+01,1.22228453268449583e-01,1.94852534091549181e+01,4.68084680752087579e+00
1187,1,3.74439606865024999e+01,1,6.00490827999999965e+02,8.03743956713175578e+00,1.24888970340616687e+01,1.07058958365618045e-01,1.91700546196259474e+01,4.36564801799190505e+00
1219,1,5.46628397257785252e+01,0,6.06646758999999975e+02,7.70110687749989520e+00,1.30260437179156021e+01,1.72129985067188934e-01,1.97358416090958215e+01,4.93143500746177921e+00
1251,1,2.06133054163448826e+01,1,6.35402744999999982e+02,7.95509719377069491e+00,1.26580677932424077e+01,1.18146167751756709e-01,1.92583668631289058e+01,4.45396026149486346e+00
1283,1,3.20221862823906989e+01,1,6.64133936999999946e+02,8.09973438871798201e+00,1.23793995500142433e+01,1.08529416980517546e-01,1.92792106905249412e+01,4.47480408889089887e+00
1315,1,1.66628464182726503e+01,1,6.83747380000000021e+02,8.13061077447309799e+00,1.21636994869319857e+01,1.66920445710932369e-01,1.97334638627501278e+01,4.92905726111608544e+00
1347,1,3.66920194057069722e+01,1,7.12484101000000010e+02,7.99094597162875697e+00,1.25693939273603768e+01,1.18754981787525415e-01,1.93326695324525986e+01,4.52826293081855624e+00
1379,1,7.81346542091498719e+00,0,7.18751270999999974e+02,7.83862007945847683e+00,1.27419055922381155e+01,9.84938477015772917e-02,1.82270354820704696e+01,3.42262888043642732e+00
1411,1,4.41281995269847727e+00,1,7.38314033999999992e+02,8.02070708616402683e+00,1.23490281451580408e+01,1.63020117316197422e-01,1.97338334261987782e+01,4.92942682456473591e+00
1443,1,3.99603737202820213e+01,1,7.67158544000000006e+02,8.26593407023994153e+00,1.19829092205178469e+01,1.20300958069241903e-01,1.95279034878332460e+01,4.72349688619920371e+00
1475,1,2.23705073417545464e+00,1,7.86970252999999957e+02,8.09048375492207938e+00,1.21791625522517926e+01,1.04397519489203672e-01,1.87853811896154141e+01,3.98097458798137183e+00
1507,1,7.29318795192029796e+01,0,7.93134723000000008e+02,7.93988608165675647e+00,1.24183559770337943e+01,1.68050777133805368e-01,1.97343974480741338e+01,4.92999084644009145e+00
1539,1,4.32502022771301853e+01,1,8.21811738999999989e+02,8.11138149243861406e+00,1.22547995072058047e+01,1.18762110270264246e-01,1.93711185503852974e+01,4.56671194875125508e+00
1571,1,4.02476597036884058e+01,1,8.50560540999999944e+02,8.19101861288721089e+00,1.21435005234711078e+01,1.07711554936413517e-01,1.93557666447215233e+01,4.55136004308748099e+00
1603,1,4.47702956137017196e+01,0,8.56743929999999978e+02,8.22182731246165766e+00,1.18702860189077324e+01,1.59675927163813153e-01,1.97328072133397008e+01,4.92840061170565846e+00
1635,1,7.90109608507314931e-01,0,8.62977174999999988e+02,7.99486962376336940e+00,1.22848716638653581e+01,1.10871486146268600e-01,1.90930556872517343e+01,4.28864908561769198e+00
1667,1,4.87693176574147174e+01,0,8.69243310999999949e+02,8.02549665852475336e+00,1.22846436079744752e+01,1.04386290630683581e-01,1.88488280266136918e+01,4.04442142497964952e+00
1699,1,3.96411297774876488e+01,0,8.75421969999999988e+02,8.13726389570857833e+00,1.20041183446325110e+01,1.54789463339854216e-01,1.97330266570907469e+01,4.92862005545670456e+00
1731,1,1.60947778038720628e+01,0,8.81681176000000050e+02,8.21260002646050680e+00,1.18751263374301068e+01,1.13671863403855905e-01,1.91824532730066437e+01,4.37804667137260139e+00
1763,1,3.97006101662338295e+01,1,9.10596675000000005e+02,8.20502600396869219e+00,1.21403407970437716e+01,1.09995979779532349e-01,1.93807836428684439e+01,4.57637704123440159e+00
1795,1,3.99183530021281143e+01,0,9.16792067999999972e+02,8.06718147722676093e+00,1.23207012657889248e+01,1.74727025762042354e-01,1.97340963999766785e+01,4.92968979834263621e+00
1827,1,3.05815397103676538e+01,1,9.45676740999999993e+02,8.17839745472904056e+00,1.22033076840894825e+01,1.22228453268449583e-01,1.94852534091549217e+01,4.68084680752087934e+00
1859,1,2.39107545031525532e+01,1,9.65731618000000026e+02,8.23535016781314866e+00,1.19478304880716770e+01,1.09824418359291021e-01,1.90984862945599829e+01,4.29407969292594061e+00
1891,1,1.30734712825463930e+01,0,9.72004173000000037e+02,8.09418881060123319e+00,1.21092958168822378e+01,1.54127209750600846e-01,1.97330985086792481e+01,4.92869190704520577e+00
1923,1,3.31154074925883677e+01,1,1.00109226200000001e+03,8.07645279546780692e+00,1.24255796812810591e+01,1.22946556534370685e-01,1.93991939817032950e+01,4.59478738006925269e+00
1955,1,1.51850774067053713e+01,0,1.00735727699999995e+03,7.93630277180574240e+00,1.25849652785254786e+01,1.04171278639551945e-01,1.86729290766866605e+01,3.86852247505261815e+00
1987,1,1.66679674273104652e+01,1,1.02686073200000010e+03,8.13061733235986317e+00,1.21636989832007618e+01,1.66920445710932397e-01,1.97334638627501278e+01,4.92905726111608544e+00
2019,1,2.15812621543335332e+01,1,1.04649423400000001e+03,8.18882841906753356e+00,1.19670345512978447e+01,1.18713544379621769e-01,1.92135073405252470e+01,4.40910073889120468e+00
2051,1,2.85681189518119751e+01,1,1.07490796000000000e+03,8.07818811133799741e+00,1.23971345046907864e+01,1.06384993220355772e-01,1.92390112099776509e+01,4.43460460834360859e+00
2083,1,3.14421839221738466e+01,0,1.08090853599999991e+03,7.81189667022211953e+00,1.28469936059175414e+01,1.74378988106700439e-01,1.97352639849210014e+01,4.93085738328695911e+00
2115,1,9.68973224618636308e+00,1,1.10939912699999991e+03,8.01613114620103140e+00,1.25429427446097304e+01,1.17836481424941020e-01,1.93366811239461214e+01,4.53227452231207906e+00
2147,1,2.21883949469329878e+00,1,1.12888406499999996e+03,8.09048927894052738e+00,1.21791617953572597e+01,1.04397519489203672e-01,1.87853811896154141e+01,3.98097458798137183e+00
2179,1,9.54098204976939002e+00,0,1.13496391900000003e+03,7.93948394754449449e+00,1.23725654264119633e+01,1.56934914380512130e-01,1.97337234026493391e+01,4.92931680101529679e+00
2211,1,3.23400229387253546e+01,1,1.16345189200000004e+03,7.91745830120272576e+00,1.27912759681089998e+01,1.20498420722106189e-01,1.92717773761845876e+01,4.46737077455054532e+00
2243,1,2.46915690411119790e+01,0,1.16968324600000005e+03,7.77915311821127720e+00,1.29403013780854916e+01,1.00715533856421346e-01,1.82552137832716355e+01,3.45080718163759315e+00
2275,1,1.01613558389585918e+01,1,1.18913142500000004e+03,7.95202255774581790e+00,1.24759670187657825e+01,1.67617133160493037e-01,1.97342648290356308e+01,4.92985822740158852e+00
2307,1,1.42884067484700452e+01,0,1.19533388900000000e+03,8.00179381544660373e+00,1.22493101079041953e+01,1.11016068579422644e-01,1.88229699286124443e+01,4.01856332697840202e+00
2339,1,2.97877766051041704e+00,1,1.21934503300000006e+03,8.01013399034034279e+00,1.25528610572084567e+01,1.07764434838349438e-01,1.86470610605359717e+01,3.84265445890192936e+00
2371,1,7.78039043718798808e+01,0,1.22539625900000010e+03,7.73339955568637372e+00,1.32307287461950978e+01,1.80138639520867089e-01,1.97366344318245837e+01,4.93222783019054134e+00
2403,1,3.36104661608109296e+01,1,1.25392699100000004e+03,7.91725904206685716e+00,1.27758056148401522e+01,1.19114648967564116e-01,1.92838395290199323e+01,4.47943292738588994e+00
2435,1,2.79133870408054179e+01,1,1.27346326300000010e+03,8.03467394483872077e+00,1.23280355072208732e+01,1.05617776712922190e-01,1.87398159401038455e+01,3.93540933846980323e+00
2467,1,7.15372859074449536e+01,0,1.27961195799999996e+03,7.93867566832543048e+00,1.24219993192496077e+01,1.67461170223203837e-01,1.97343994075485085e+01,4.92999280591446620e+00
2499,1,2.93327522779503624e+01,0,1.28578991399999995e+03,7.68929771883010194e+00,1.31287917743704767e+01,1.13874371959849327e-01,1.82558861753046493e+01,3.45147957367060698e+00
2531,1,9.60543631326169702e+01,0,1.29197056100000009e+03,7.78821930101542392e+00,1.30308774214033551e+01,1.08175174364932458e-01,1.85005942830667642e+01,3.69618768143272192e+00
2563,1,5.55124508163144768e+01,0,1.29809518099999991e+03,7.80644546164598374e+00,1.27326225199246643e+01,1.69068507496520054e-01,1.97350805941848613e+01,4.93067399255081895e+00
2595,1,4.26864029074473237e+01,0,1.30426825200000007e+03,8.02226517638873204e+00,1.22553748724948974e+01,1.16282834780050109e-01,1.91796253416105102e+01,4.37521873997646793e+00
2627,1,1.63304657975534795e+01,0,1.31052389199999993e+03,7.83607230943976951e+00,1.27326630965744325e+01,9.71568777878266399e-02,1.81460089481609330e+01,3.34160234652689070e+00
2659,1,1.17373748719116776e+02,0,1.31659961399999997e+03,7.78634025610020952e+00,1.32566105086262809e+01,1.86461705460676558e-01,1.97371393556950494e+01,4.93273275406100709e+00
2691,1,2.95081879336222315e+01,1,1.33616451200000006e+03,7.85318151810537479e+00,1.27937754443755409e+01,1.19972349776389431e-01,1.87532367718161304e+01,3.94883017018208804e+00
2723,1,2.24474991782035218e+01,0,1.34244124099999999e+03,7.92571897821417704e+00,1.25183085475925111e+01,1.00658241605687787e-01,1.85202507184466789e+01,3.71584411681263660e+00
2755,1,3.79084615866249877e+01,0,1.34864274200000000e+03,7.92332679015091301e+00,1.24144541334662506e+01,1.63333097489186702e-01,1.97340790568355970e+01,4.92967245520155473e+00
2787,1,1.48052577162937382e+00,1,1.37290046800000005e+03,7.87895723263775150e+00,1.29132305151370890e+01,1.21787716585428821e-01,1.88539429907286866e+01,4.04953638909464431e+00
2819,1,5.12224376053127983e+01,0,1.37916563500000007e+03,7.76218123796652737e+00,1.30316264496736327e+01,1.03653551824982648e-01,1.83185114825881890e+01,3.51410488095414664e+00
2851,1,4.04881485124580109e+00,0,1.38534875899999997e+03,7.77876172822348444e+00,1.27435787215494152e+01,1.62108406856702414e-01,1.97347001258707451e+01,4.93029352423670275e+00
2883,1,1.19904023356678167e+01,1,1.40497840999999994e+03,8.13209882333129919e+00,1.20897845408790960e+01,1.17494694070487182e-01,1.92537481869812659e+01,4.44934158534722357e+00
2915,1,4.50091989309916158e+01,1,1.43390664500000003e+03,8.04074091673687796e+00,1.24538486712225964e+01,1.06466383981193097e-01,1.91615965072247967e+01,4.35718990559075436e+00
2947,1,4.56525341793303951e+01,0,1.44003244700000005e+03,7.71501240250970177e+00,1.30788184069712621e+01,1.76612937124750485e-01,1.97359661787212666e+01,4.93155957708722426e+00
2979,1,2.06022595888669606e+01,1,1.46847363999999993e+03,7.95509758594278438e+00,1.26580673030939010e+01,1.18146167751756709e-01,1.92583668631289058e+01,4.45396026149486346e+00
3011,1,4.62551467773191618e+01,1,1.49699743100000001e+03,8.10493905127256120e+00,1.23150901291344130e+01,1.06955661784121914e-01,1.92757578914849894e+01,4.47135128985094710e+00
3043,1,9.62725700027188935e+00,0,1.50314964899999995e+03,8.01409754603003144e+00,1.22354044488032709e+01,1.59350723551484968e-01,1.97333933865072098e+01,4.92898678487316744e+00
3075,1,2.24011207423641423e+01,1,1.53164789199999996e+03,7.98556864146381429e+00,1.26436775902969227e+01,1.20896664646772803e-01,1.93454647340495214e+01,4.54105813241547907e+00
3107,1,4.67458534441896489e+00,0,1.53786782100000005e+03,7.84421542159951368e+00,1.27939666958652314e+01,1.02600292413224159e-01,1.84961500331360611e+01,3.69174343150201878e+00
3139,1,4.41496092632901593e+00,1,1.55734226500000000e+03,8.02071326221551217e+00,1.23490272338663907e+01,1.63020117316197422e-01,1.97338334261987782e+01,4.92942682456473591e+00
3171,1,8.24676422654169272e+00,1,1.57687736300000006e+03,8.22517962036720540e+00,1.19426950703640244e+01,1.17222171100131251e-01,1.93456554207165929e+01,4.54124881908255063e+00
3203,1,4.26484646682254436e+01,1,1.60562139299999990e+03,8.15305418287020522e+00,1.22133496442713714e+01,1.08674077023815929e-01,1.92708762753664651e+01,4.46646967373242276e+00
3235,1,3.30601650026659328e+01,0,1.61170439899999997e+03,7.93568833930603645e+00,1.25795532796478611e+01,1.74676386807217116e-01,1.97346284887620271e+01,4.93022188712798481e+00
3267,1,2.50264637741283344e+01,1,1.64018470400000001e+03,8.10407313810011409e+00,1.23304633301068947e+01,1.20536200583394565e-01,1.93813585066464640e+01,4.57695190501242166e+00
3299,1,4.02371439382896767e+01,1,1.66865844500000003e+03,8.19101890180715664e+00,1.21435001834912519e+01,1.07711554936413517e-01,1.93557666447215269e+01,4.55136004308748454e+00
3331,1,3.13501610924427752e+01,0,1.67478628000000003e+03,8.21017338588160861e+00,1.19223957696764433e+01,1.60696970598728478e-01,1.97328649038414774e+01,4.92845830220743508e+00
3363,1,4.79055334779328490e-01,1,1.69433194800000001e+03,8.11551444463710148e+00,1.22580879269986944e+01,1.24450928495347043e-01,1.93074205177106464e+01,4.50301391607660406e+00
3395,1,1.98536619153195524e+01,0,1.70055227500000001e+03,8.03116934246987135e+00,1.23977487625777716e+01,1.09689195834809322e-01,1.90058701307935607e+01,4.20146352915951837e+00
3427,1,1.19692094147569073e+01,0,1.70671615500000007e+03,8.11493701029108472e+00,1.21139680183573404e+01,1.57055688987672248e-01,1.97331500340896646e+01,4.92874343245562230e+00
3459,1,3.34469281661333753e+01,1,1.73541549699999996e+03,8.37309580086155414e+00,1.17452329077104913e+01,1.18740304337386179e-01,1.95381284635184898e+01,4.73372186188444743e+00
3491,1,3.52298993564138740e+01,1,1.76433809500000007e+03,8.28511801302919615e+00,1.19364054617562978e+01,1.09939330093426824e-01,1.93086588697155932e+01,4.50425226808155088e+00
3523,1,1.60601224689175055e+01,0,1.77058825400000001e+03,8.14892570758874868e+00,1.21234119078891283e+01,1.75274281389700998e-01,1.97340970179328288e+01,4.92969041629878646e+00
3555,1,2.09776285752862854e+01,1,1.79943294999999989e+03,8.26564627041167554e+00,1.19933667453539456e+01,1.21860242503921856e-01,1.94181563680934062e+01,4.61374976645936385e+00
3587,1,2.77810007590312686e+01,1,1.82848075799999992e+03,8.30369320065297067e+00,1.19133692491122769e+01,1.07764836544995746e-01,1.93785886264849907e+01,4.57418202485094838e+00
3619,1,2.61798121771326819e+00,1,1.84824470799999995e+03,8.45083799685192361e+00,1.14631680052536922e+01,1.63670017803173307e-01,1.97320596712839382e+01,4.92765306964989591e+00
3651,1,1.44093088912770462e+00,1,1.87733034100000009e+03,8.31672150118196640e+00,1.19148913163694132e+01,1.16675035745119893e-01,1.93779219396238354e+01,4.57351533798979304e+00
3683,1,5.46126570001379719e+00,1,1.90186006599999996e+03,8.30143065346307729e+00,1.19666388410051798e+01,1.10838669101195580e-01,1.89928872311819461e+01,4.18848062954790379e+00
3715,1,2.11827810506838041e+01,1,1.93070933399999990e+03,8.43923726849549283e+00,1.16181926480194058e+01,1.58430789555792317e-01,1.97322841206876589e+01,4.92787751905361660e+00
3747,1,1.79094413995103388e+01,1,1.95963368300000002e+03,8.55286377862613634e+00,1.14004187969964903e+01,1.08927245726730348e-01,1.94684988524447071e+01,4.66409225081066481e+00
3779,1,1.82561049692592938e+01,1,1.98860107799999992e+03,8.43754229372972731e+00,1.16084060052339950e+01,9.83107804175517852e-02,1.91899607083228148e+01,4.38555410668877244e+00
3811,1,2.30599550093058809e+01,1,2.01722188000000006e+03,8.51584334692475231e+00,1.15175748983614898e+01,1.71613032471872845e-01,1.97323459961007792e+01,4.92793939446673690e+00
3843,1,2.61645588714643509e+01,1,2.05068753599999991e+03,8.43656512947462645e+00,1.16176573162172101e+01,1.09664847068383198e-01,1.94728413315353528e+01,4.66843472990131048e+00
3875,1,1.03501714906295863e+01,1,2.07957973600000014e+03,8.44773380061611157e+00,1.16170438162535721e+01,9.67339518770743700e-02,1.92840382040775360e+01,4.47963160244349368e+00
3907,1,3.06264941142308551e+01,1,2.10852476100000013e+03,8.85933693978395631e+00,1.08827313906010108e+01,1.59445978664570526e-01,1.97306395721636889e+01,4.92623297052964659e+00
3939,1,2.29760419843185026e+01,1,2.14208665199999996e+03,8.50204738171610153e+00,1.15271224321191958e+01,1.05247865904487897e-01,1.94621776214788298e+01,4.65777101984478747e+00
3971,1,3.37332416520995970e+00,1,2.16644136200000003e+03,8.45101483351033522e+00,1.16443827019113400e+01,9.98534208332647610e-02,1.89180085589133569e+01,4.11360195727931455e+00
4003,1,1.45582326080594360e+01,1,2.19520863899999995e+03,8.76662342284219243e+00,1.10382692201003536e+01,1.51259128660302972e-01,1.97307027945758371e+01,4.92629619294179477e+00
4035,1,3.06077288013832671e+00,1,2.21953302699999995e+03,8.75662979664904562e+00,1.10667007492151974e+01,1.03566615838477649e-01,1.93212074814491928e+01,4.51680087981515044e+00
4067,1,5.49733979285419494e+00,1,2.24378037799999993e+03,8.60284478774299544e+00,1.12806394937323624e+01,9.16484715637131964e-02,1.88828011090956167e+01,4.07839450746157439e+00
4099,1,1.16644556660205065e+01,1,2.26343459699999994e+03,8.86557292193579194e+00,1.08408399523915886e+01,1.66164271134904978e-01,1.97309955501755390e+01,4.92658894854149665e+00
4131,1,1.39174082968336101e+01,1,2.29227927700000009e+03,8.65827985107908482e+00,1.12040397573357478e+01,1.02364032018859241e-01,1.92814667670987525e+01,4.47706016546471020e+00
4163,1,2.83957923202180957e+01,1,2.32095272100000011e+03,8.60690691119228113e+00,1.13325844638394209e+01,9.05366225087414489e-02,1.92828552968773934e+01,4.47844869524335110e+00
4195,1,4.40163345367827290e+01,0,2.32698847400000022e+03,9.22474152534446823e+00,1.03467266760086396e+01,1.52622795465818084e-01,1.97301233220083390e+01,4.92571672037429664e+00
4227,1,9.79024584808762199e+00,1,2.35119727999999986e+03,8.70348888790520370e+00,1.11667316102298866e+01,1.01124072935278281e-01,1.91812967408015105e+01,4.37689013916746816e+00
4259,1,2.97271746855786319e+01,0,2.35746914199999992e+03,8.44891369470306230e+00,1.14806232296919752e+01,8.62680351825356184e-02,1.89175663112598116e+01,4.11315970962576927e+00
4291,1,2.13832348320246055e+01,0,2.36347800099999995e+03,9.09075903980559197e+00,1.05012560515314917e+01,1.43038887979885787e-01,1.97301177820361175e+01,4.92571118040207523e+00
4323,1,7.47602356953503389e+00,0,2.36975382900000022e+03,8.70870112615922309e+00,1.10493110116100475e+01,9.37201838569463319e-02,1.93544680372156606e+01,4.55006143558161824e+00
4355,1,1.72409001754953408e+01,0,2.37604488700000002e+03,8.54049120927082583e+00,1.12477606977664735e+01,7.89438753513492242e-02,1.87496140127536961e+01,3.94520741111965378e+00
4387,1,5.95997348581495530e+01,0,2.38203854600000022e+03,9.22093676973936205e+00,1.03398652965354163e+01,1.61443280603713935e-01,1.97307101988011340e+01,4.92630359716709165e+00
4419,1,1.73302382461544155e+01,1,2.40166139699999985e+03,8.70453396220542253e+00,1.10238799404428196e+01,9.99109842873660836e-02,1.91162781018845074e+01,4.31187150025046506e+00
4451,1,1.29645606097397881e+01,1,2.42112861000000021e+03,8.62852036688133239e+00,1.12152348138137921e+01,8.96372557383426083e-02,1.91244128009732748e+01,4.32000619933923247e+00
4483,1,1.71868481058652876e+01,0,2.42716320799999994e+03,8.99992949867446157e+00,1.05953796821797290e+01,1.51546167887592037e-01,1.97302108614363192e+01,4.92580425980227687e+00
4515,1,2.87651719478656140e+01,1,2.45584313800000018e+03,8.65203220276806029e+00,1.12062064400958707e+01,1.00677033885735123e-01,1.93267428353823441e+01,4.52233623374830174e+00
4547,1,1.54883465585071463e+01,0,2.46214014099999986e+03,8.38509208015905649e+00,1.15347821743823733e+01,8.46221842108602906e-02,1.86898990527475632e+01,3.88549245111352093e+00
4579,1,1.15747578512437492e+01,1,2.48156461900000022e+03,8.97321502362827594e+00,1.06489096392036782e+01,1.48589159010410393e-01,1.97301524520342895e+01,4.92574585040024715e+00
4611,1,2.32811656464366408e+01,1,2.51010033199999998e+03,8.67240954751179594e+00,1.11918655448915079e+01,1.05243101333831773e-01,1.94684702692563505e+01,4.66406366762230817e+00
4643,1,3.67783522964608167e+01,1,2.53883994399999983e+03,8.55344774138191255e+00,1.13545245771796033e+01,9.29449513700000285e-02,1.91776769370537146e+01,4.37327033541967225e+00
4675,1,2.58370804559171958e+01,0,2.54501580899999999e+03,8.61630794187212246e+00,1.10403880046177498e+01,1.59675591507116882e-01,1.97312945555544701e+01,4.92688795392042778e+00
4707,1,1.65185004039440635e+01,1,2.57377520000000004e+03,8.58517782809276753e+00,1.12761946465153748e+01,1.03308048375752637e-01,1.92730166891972914e+01,4.46861008756324907e+00
4739,1,2.08607504992596979e+01,1,2.60235484499999984e+03,8.55035348371925430e+00,1.14096874505720507e+01,9.21809636324172066e-02,1.92812494333475080e+01,4.47684283171346564e+00
4771,1,1.40208215287062608e+01,1,2.62184530200000017e+03,8.63835473317238112e+00,1.11163053899616902e+01,1.59965217916146124e-01,1.97312218902346466e+01,4.92681528860060425e+00
4803,1,2.10227671824733164e+01,1,2.65058738600000015e+03,8.44028593491394119e+00,1.15574435818791059e+01,1.07254205911239492e-01,1.93384791320544558e+01,4.53407253042041347e+00
4835,1,2.27259790039742136e+01,1,2.67031185700000015e+03,8.32285886938884900e+00,1.16786741347372836e+01,1.01182492103927046e-01,1.88000788878669951e+01,3.99567228623295279e+00
4867,1,1.78955148995643398e+00,1,2.69447413700000016e+03,8.62650029174393040e+00,1.11840954925926237e+01,1.52744089544637418e-01,1.97313024768659702e+01,4.92689587523192785e+00
4899,1,2.52153323470287667e+01,1,2.72326699599999984e+03,8.47399149100102811e+00,1.15375132932914592e+01,1.13019063914785001e-01,1.95079065585638745e+01,4.70349995692983214e+00
4931,1,4.04028351212101811e+01,1,2.75216637200000014e+03,8.38060817638641709e+00,1.16783375162720713e+01,1.01824818083571300e-01,1.92449688885370271e+01,4.44056228690298482e+00
4963,1,5.76732624903167519e+01,0,2.75842788299999984e+03,8.27963747089523494e+00,1.16550792406389316e+01,1.64541072140783867e-01,1.97329701887281459e+01,4.92856358709410358e+00
4995,1,3.09188836710680803e+01,1,2.78723677899999984e+03,8.37464002921201889e+00,1.16681883145799397e+01,1.12802640573064800e-01,1.93487549103374192e+01,4.54434830870337692e+00
5027,1,2.44586880183374724e+01,1,2.81590771899999982e+03,8.39210482820609549e+00,1.16992363408379489e+01,1.00766312182223483e-01,1.93359384686054305e+01,4.53153186697138821e+00
5059,1,1.63377264361584764e+01,0,2.82207612699999981e+03,8.27272229100091749e+00,1.17157325191239217e+01,1.59667052645042551e-01,1.97328053419033260e+01,4.92839874026928371e+00
5091,1,1.12973022364314772e+01,1,2.84158760699999993e+03,8.19670297719342500e+00,1.19170211954468552e+01,1.19575162746272126e-01,1.91775049156670008e+01,4.37309831403295846e+00
5123,1,2.93635888174369910e+01,0,2.84780356900000015e+03,8.09899150025142234e+00,1.21057481175015624e+01,1.03628959942706433e-01,1.84999637547731659e+01,3.69555715313912359e+00
5155,1,8.48987700496859077e+00,0,2.85398406599999998e+03,8.19867868892122331e+00,1.18294593516716589e+01,1.54389376853077853e-01,1.97330254060036161e+01,4.92861880436957378e+00
5187,1,8.79259619421753413e+00,1,2.87343964800000003e+03,8.33476214371255075e+00,1.16622580056326957e+01,1.22624222613858469e-01,1.92985464659787631e+01,4.49413986434472079e+00
5219,1,2.17847844083505890e+01,1,2.90201025900000013e+03,8.26778270423114847e+00,1.20058666857155174e+01,1.07859655513913938e-01,1.93378039311062508e+01,4.53339732947220853e+00
5251,1,1.56128886601845753e+01,0,2.90817971500000021e+03,8.14719820429579400e+00,1.21274806012705767e+01,1.74635450673725379e-01,1.97340954946401048e+01,4.92968889300606250e+00
5283,1,1.13808636109775190e+01,1,2.93660053999999991e+03,8.25514663439337149e+00,1.20397967376062436e+01,1.20053843403563495e-01,1.94408508051652760e+01,4.63644420353123365e+00
5315,1,2.66477088032290510e+00,1,2.96082516500000020e+03,8.32719340028146249e+00,1.18299121631271831e+01,1.10282176552658817e-01,1.89601742196311598e+01,4.15576761799711747e+00
5347,1,1.60991732809442922e+00,1,2.98494389099999989e+03,8.49736466849357619e+00,1.14946706181830294e+01,1.56831582686949661e-01,1.97320567595071594e+01,4.92765015787311711e+00
5379,1,9.46143893414389048e+00,1,3.01368490000000020e+03,8.32333914532433994e+00,1.18827783574258188e+01,1.17298649303958780e-01,1.93552537908923838e+01,4.55084718925834153e+00
5411,1,7.01462224829971603e+00,1,3.03329561700000022e+03,8.24287019109014096e+00,1.19574238818399543e+01,1.09363812214651412e-01,1.88525565880035302e+01,4.04814998636948786e+00
5443,1,2.34151017342575472e+01,1,3.06184377399999994e+03,8.45277959990077399e+00,1.15901059044298513e+01,1.64920443687395446e-01,1.97322915145307753e+01,4.92788491289673303e+00
5475,1,3.55697030574493454e+01,1,3.09059742400000005e+03,8.60145534396887790e+00,1.12806969874632959e+01,1.14057134627988749e-01,1.94437269162495809e+01,4.63932031461553862e+00
5507,1,3.33689956643570937e+01,1,3.12360735800000020e+03,8.40559862222512422e+00,1.17093558247497906e+01,9.62273365297171279e-02,1.94180409520920882e+01,4.61363435045804593e+00
5539,1,2.31905545344877879e+01,1,3.15201569100000006e+03,8.51236739060262160e+00,1.15191374455196698e+01,1.70246190570327721e-01,1.97323435900039286e+01,4.92793698836988625e+00
5571,1,1.56482792459365960e+01,1,3.18520704999999998e+03,8.41427438347018075e+00,1.16897291753230306e+01,1.07255551844235852e-01,1.94854275590653074e+01,4.68102095743126512e+00
5603,1,3.06293126949420085e+01,1,3.21407178299999987e+03,8.48893862936707322e+00,1.14982978074627962e+01,9.99053358869771424e-02,1.92511466172244567e+01,4.44674001559041443e+00
5635,1,2.96422557275503316e+01,1,3.24288936500000000e+03,8.82720060956531150e+00,1.09350315764241728e+01,1.50609123377143633e-01,1.97306400609235482e+01,4.92623345928950584e+00
5667,1,1.84876561796099637e+00,1,3.27184351900000001e+03,8.51611567032174044e+00,1.14784342500673890e+01,1.06124823250551364e-01,1.92684725969954052e+01,4.46406599536136284e+00
5699,1,3.24755254711534747e+00,1,3.29152096900000015e+03,8.36960372817257614e+00,1.16349614471890526e+01,9.81217821845923044e-02,1.88474063666716773e+01,4.04299976503763503e+00
5731,1,1.57346979778364346e+01,1,3.32024161199999980e+03,8.79401391075059102e+00,1.09918287866430475e+01,1.59439100938940176e-01,1.97307040286717772e+01,4.92629742703773488e+00
5763,1,1.61221665113912245e+01,1,3.34008073400000012e+03,8.75153544444317077e+00,1.09474719364001398e+01,1.09380688927351200e-01,1.92727506733658984e+01,4.46834407173185610e+00
5795,1,1.98803402102027249e+01,1,3.36901006400000006e+03,8.56379897662339040e+00,1.14129825540197807e+01,8.91984238862420786e-02,1.92194966732327011e+01,4.41509007159865874e+00
5827,1,1.29297979221674542e+01,1,3.38886588399999982e+03,8.86228637708797606e+00,1.08467622972450677e+01,1.64426129696445988e-01,1.97309922618676232e+01,4.92658566023358091e+00
5859,1,3.00267988331211590e+01,1,3.42237867899999992e+03,8.61892016871626510e+00,1.13046415963645188e+01,9.94789421581721012e-02,1.94694776629265007e+01,4.66507106129245841e+00
5891,1,1.32625589953142686e+01,1,3.44217647399999987e+03,8.58153804580226698e+00,1.12086673247671786e+01,9.33725196423613457e-02,1.89413831674790956e+01,4.13697656584505324e+00
5923,1,3.60673139275764214e+01,0,3.44826107300000012e+03,9.14449698296887981e+00,1.04420460498180834e+01,1.42537255933957913e-01,1.97301656263517273e+01,4.92575902471768501e+00
5955,1,1.45967545807868539e+01,1,3.46814179400000012e+03,8.63839854303059163e+00,1.11349724266644881e+01,1.01798128765199808e-01,1.91253374399756204e+01,4.32093083834157810e+00
5987,1,3.89116930588195444e+01,0,3.47452919699999984e+03,8.45123401797077811e+00,1.14589131142358003e+01,8.40106141558278063e-02,1.88179947041519959e+01,4.01358810251795362e+00
6019,1,2.92624349313560153e+01,0,3.48065581100000009e+03,9.17249702654906685e+00,1.04188056925838577e+01,1.52079262917253377e-01,1.97300758216249967e+01,4.92566921999095442e+00
6051,1,3.33664722891669356e+01,0,3.48708530000000019e+03,8.80166320111418088e+00,1.08534129295058346e+01,1.00219319331587009e-01,1.92918204729585057e+01,4.48741387132446334e+00
6083,1,4.64783319020149577e+00,1,3.50704745199999979e+03,8.58375649351389391e+00,1.12834330396218014e+01,8.71684537458073672e-02,1.90406256089544712e+01,4.23621900732042889e+00
6115,1,5.83055946742439630e+01,0,3.51312893699999995e+03,9.20584628428601803e+00,1.03581639073776408e+01,1.60193841060289055e-01,1.97307235817202979e+01,4.92631698008625563e+00
6147,1,5.17781433247023060e+00,1,3.53739340700000002e+03,8.74365761578305190e+00,1.10882246587708053e+01,9.82629764263971417e-02,1.91788543503177635e+01,4.37444774868372122e+00
6179,1,3.01911691357429000e+01,0,3.54376036800000020e+03,8.60494011760054356e+00,1.11491922251215687e+01,8.27195220463400882e-02,1.88823106834190995e+01,4.07790408178505714e+00
6211,1,7.73008358230780246e+00,0,3.54989712999999983e+03,8.94309550906896611e+00,1.06664978731254330e+01,1.41783492559279384e-01,1.97302138000705085e+01,4.92580719843646619e+00
6243,1,3.51777544870719794e+00,1,3.57436287700000003e+03,8.63763085738484726e+00,1.11526935644805345e+01,1.01572702238003659e-01,1.90224005894561756e+01,4.21799398782213331e+00
6275,1,2.55080748813782776e+01,0,3.58072051700000020e+03,8.38722902700390982e+00,1.15140493171110823e+01,8.23790902937043823e-02,1.86276323023725752e+01,3.82322570073853285e+00
6307,1,3.22555800833263007e+00,0,3.58684515499999998e+03,8.95504184772611111e+00,1.06504154171805112e+01,1.50599959613820972e-01,1.97301470513553916e+01,4.92574044972134928e+00
6339,1,2.59176960957330493e+00,1,3.60661156299999993e+03,8.64018162446250848e+00,1.10984359478087047e+01,1.10672543661279987e-01,1.92436981072065549e+01,4.43929150557251262e+00
6371,1,1.59247382994212465e+01,1,3.63548831000000018e+03,8.51374541029523790e+00,1.14682757405896467e+01,9.07076850907582721e-02,1.92190879926944724e+01,4.41468139106043012e+00
6403,1,2.43735504844887245e+01,0,3.64171561900000006e+03,8.61130808469746789e+00,1.10502006586154611e+01,1.58618005175677534e-01,1.97312980030804646e+01,4.92689140144642224e+00
6435,1,1.26391611807613202e+00,1,3.67072356600000012e+03,8.55604303062611393e+00,1.13587570835020983e+01,1.00830936505845042e-01,1.93125952449413489e+01,4.50818864330730662e+00
6467,1,6.54965200259631075e+00,1,3.69526395400000001e+03,8.58865853465328044e+00,1.12744760247078908e+01,9.55896401857935785e-02,1.89388165554781658e+01,4.13440995384412346e+00
6499,1,7.71384200740680726e+00,1,3.71480944200000022e+03,8.60950158773841778e+00,1.11559838277912977e+01,1.52456240782884944e-01,1.97312200674443439e+01,4.92681346581030155e+00
6531,1,3.14978574758528325e+01,1,3.74366120499999988e+03,8.44909464387657927e+00,1.15209916633678962e+01,1.07934049671765092e-01,1.93006334866400771e+01,4.49622688500603473e+00
6563,1,1.36199910158632065e+00,0,3.74995393199999990e+03,8.19651501277467887e+00,1.18237282368245609e+01,8.86151652211650542e-02,1.83394655191529665e+01,3.53505891751892420e+00
6595,1,3.85184901306507399e+00,1,3.76941130299999986e+03,8.57311467060732646e+00,1.11920638918232065e+01,1.59464024789109093e-01,1.97313056930521924e+01,4.92689909141815008e+00
6627,1,1.96685743559831039e+00,1,3.78903461999999990e+03,8.43362102943572367e+00,1.14555546472099632e+01,1.17524743925329744e-01,1.92615545311839043e+01,4.45714792954986194e+00
6659,1,2.32551565466315253e+01,1,3.81777800600000000e+03,8.35669437253855918e+00,1.17603339298918126e+01,1.00010659818317499e-01,1.92858485187969002e+01,4.48144191716285789e+00
6691,1,5.57216543241393438e+01,0,3.82402231100000017e+03,8.27678978947231414e+00,1.16603439177487438e+01,1.63781779049705173e-01,1.97329725475409461e+01,4.92856594590690378e+00
6723,1,1.80380811209776937e+01,1,3.85268176600000015e+03,8.35914127646928762e+00,1.17234310662271959e+01,1.10728920118003782e-01,1.93853833744823305e+01,4.58097677284828819e+00
6755,1,2.57833698610341600e+00,1,3.87682682599999998e+03,8.42334422112050696e+00,1.16009411776894087e+01,1.03603986744904925e-01,1.88890666946631889e+01,4.08466009302914657e+00
6787,1,1.04210792840052662e+01,0,3.88299800899999991e+03,8.25439600451219313e+00,1.17455699790637151e+01,1.53265864218945780e-01,1.97328013149999855e+01,4.92839471336594315e+00
6819,1,2.42787037383009121e+01,1,3.90238952199999994e+03,8.20236504656564414e+00,1.18908604824090709e+01,1.19999269929904187e-01,1.90944948375756027e+01,4.29008823594156041e+00
6851,1,3.77932132478557037e+01,0,3.90859083099999998e+03,8.09642646310378211e+00,1.20970039359261001e+01,1.01975357279678325e-01,1.84327898008418458e+01,3.62838319920780350e+00
6883,1,1.44557858894198148e+01,0,3.91476637500000015e+03,8.21539945356330215e+00,1.18017671421908563e+01,1.59802310512607820e-01,1.97330307572447019e+01,4.92862415561065959e+00
6915,1,3.56599478047329015e+01,1,3.94329173799999990e+03,8.38841644592350733e+00,1.17054205520364398e+01,1.18234381356129570e-01,1.95602043941764450e+01,4.75579779254240265e+00
6947,1,8.63779022505429595e+00,1,3.96273209700000007e+03,8.23498149144153757e+00,1.18364168879585989e+01,1.06907898206642066e-01,1.88221322810125393e+01,4.01772567937849701e+00
6979,1,7.67981431490351412e+01,0,3.96884935899999982e+03,8.18320257612416846e+00,1.18890263845825803e+01,1.68310895994600307e-01,1.97338372413199501e+01,4.92943063968590778e+00
7011,1,2.65526835368004299e+00,1,3.98822107400000004e+03,8.20955148282061486e+00,1.18576390698389549e+01,1.18173078713785726e-01,1.90642071483073678e+01,4.25980054667332553e+00
7043,1,3.69172188719480161e+01,1,4.01675278200000002e+03,8.32197625121376205e+00,1.18435254241830119e+01,1.06535017486175693e-01,1.93927851707271408e+01,4.58837856909309849e+00
7075,1,4.49174911824137268e-02,0,4.02295631300000014e+03,8.38632907765562052e+00,1.14840567843039381e+01,1.56303980326439967e-01,1.97319905634752040e+01,4.92758396184116165e+00
7107,1,3.55523749402240057e+01,1,4.05159484800000018e+03,8.34729230107004838e+00,1.17425846124420250e+01,1.13009564904472004e-01,1.93921330329777106e+01,4.58772643134366831e+00
7139,1,4.56111742538566034e+00,0,4.05781021999999984e+03,8.13947073395249276e+00,1.19794039503613234e+01,9.65946345093886272e-02,1.84010298248427837e+01,3.59662322320874139e+00
7171,1,1.23381870699367546e+01,1,4.07719000800000003e+03,8.41492886566208220e+00,1.14735010390050203e+01,1.56442676592188579e-01,1.97321517197397647e+01,4.92774511810572236e+00
7203,1,2.02466288584859306e+01,1,4.10574564100000043e+03,8.56998770135529675e+00,1.13629393215445287e+01,1.08559714363659854e-01,1.94791420584575228e+01,4.67473545682348046e+00
7235,1,3.37569637434930314e+01,1,4.13443509600000016e+03,8.46396409308697528e+00,1.15142131613076568e+01,9.67226524218892658e-02,1.91958713541404187e+01,4.39146475250637636e+00
7267,1,4.26335783649104201e+01,0,4.14062253099999998e+03,8.42206788803669504e+00,1.13678873853423621e+01,1.61484178439820381e-01,1.97320550679280942e+01,4.92764846629405184e+00
7299,1,1.79441112207615525e+01,1,4.16960137300000042e+03,8.47315899363393044e+00,1.14734096855171526e+01,1.07415315331568478e-01,1.92944431707548851e+01,4.49003656912084281e+00
7331,1,1.83363396220029209e+01,1,4.19871083600000020e+03,8.46981589527001510e+00,1.15511352629302078e+01,9.58478382193418688e-02,1.92967530226945705e+01,4.49234642106052817e+00
7363,1,4.75260708169167856e+00,1,4.21848704100000032e+03,8.83159107952067757e+00,1.08425709182082368e+01,1.58255207761236916e-01,1.97305920752453439e+01,4.92618547361130155e+00
7395,1,1.78130887294938596e+01,1,4.24759330000000045e+03,8.54530552905069740e+00,1.13712983895940241e+01,1.02944261867563003e-01,1.93153902733109675e+01,4.51098367167692516e+00
7427,1,2.31660351352479026e+01,1,4.26748738700000013e+03,8.40125914011595754e+00,1.15386840971197557e+01,9.72308516370677944e-02,1.88946589867825274e+01,4.09025238514848510e+00
7459,1,2.92814256235297137e+01,1,4.29635282699999971e+03,8.83261960201894603e+00,1.08792432989503531e+01,1.49988339830984446e-01,1.97305901782303366e+01,4.92618357659629424e+00
7491,1,5.25287628298028153e+00,1,4.32059093200000007e+03,8.77078185759639695e+00,1.10413564975544372e+01,1.03412886108196045e-01,1.93290107686120045e+01,4.52460416697796219e+00
7523,1,5.13935994346710956e+00,1,4.34038306000000011e+03,8.54310533633805314e+00,1.12605716205388244e+01,8.94868238821374395e-02,1.88216841260695809e+01,4.01727752443553854e+00
7555,1,3.95789949567897921e+01,0,4.34651022699999976e+03,8.91833549777289214e+00,1.06878106565725943e+01,1.59595975786927163e-01,1.97308067759980901e+01,4.92640017436404776e+00
7587,1,2.97297711499956492e+01,1,4.37552864899999986e+03,8.69929347816295007e+00,1.10994771748522592e+01,1.01151703204172411e-01,1.92898949429212578e+01,4.48548834128721552e+00
7619,1,3.20026613833469966e+01,1,4.40395196500000020e+03,8.62582000937997684e+00,1.12890864082829214e+01,9.01776595232415823e-02,1.92897560493464901e+01,4.48534944771244781e+00
7651,1,4.96775493432628252e+01,0,4.40991781699999956e+03,9.28272427768635566e+00,1.02798616920577928e+01,1.52484958307104929e-01,1.97301015647029097e+01,4.92569496306886734e+00
7683,1,1.17240430142854990e+01,1,4.42944784700000037e+03,8.66420846586458282e+00,1.11321067097223807e+01,1.00456769305163035e-01,1.91888638087270955e+01,4.38445720709305320e+00
7715,1,4.12780247302575276e+01,0,4.43570512899999994e+03,8.48756320220010707e+00,1.14196348412519644e+01,8.55730070432393353e-02,1.88738254269361434e+01,4.06941882530210108e+00
7747,1,3.20558444417075137e+01,0,4.44167104099999960e+03,9.16678276194315522e+00,1.04080470871916528e+01,1.42723960501874497e-01,1.97300690590214778e+01,4.92566245738743547e+00
7779,1,6.77213430753715784e+00,0,4.44791042899999957e+03,8.69690456534559253e+00,1.10639223888618243e+01,9.37272435141522919e-02,1.93494568483064171e+01,4.54505024667237478e+00
7811,1,1.11071405435966852e+01,0,4.45413372900000013e+03,8.51310107995531418e+00,1.12850283485990417e+01,7.91783254243152712e-02,1.87471877033431475e+01,3.94278110170910523e+00
7843,1,3.72502817534349546e+01,0,4.46015349400000014e+03,9.10663721926668046e+00,1.05180160352760286e+01,1.62491267518981075e-01,1.97308392170083664e+01,4.92643261537432409e+00
7875,1,5.65573838971302223e+00,1,4.47984173900000042e+03,8.66556097354490262e+00,1.10791327051820421e+01,1.00307472704614264e-01,1.91130869180648091e+01,4.30868031643076677e+00
7907,1,1.08436170162369585e+01,1,4.49932373999999982e+03,8.61346266507595537e+00,1.12354374038314901e+01,8.97293644476365448e-02,1.91208143740438778e+01,4.31640777240983553e+00
7939,1,4.94975688079218301e+00,0,4.50538248399999975e+03,8.93814133087136220e+00,1.06841063340626548e+01,1.52021184406213677e-01,1.97302444755582265e+01,4.92583787392418415e+00
7971,1,8.61899644040071244e+00,1,4.53415229999999974e+03,8.60794414741095437e+00,1.13303219943443612e+01,1.02022530820750884e-01,1.93127661236647015e+01,4.50835952203065915e+00
8003,1,1.31164878466785453e+01,1,4.55382561199999964e+03,8.45969245117639979e+00,1.14916015848709865e+01,9.67511638148707831e-02,1.89576072115439871e+01,4.15320060990994477e+00
8035,1,2.72232917715816107e+01,1,4.58246575399999983e+03,8.98646910264138121e+00,1.07064972578665092e+01,1.49334887311156184e-01,1.97302262100240746e+01,4.92581960839003230e+00
8067,1,2.14196912289910095e+01,1,4.61117231499999980e+03,8.65579533377380983e+00,1.12248873612876707e+01,1.05511924782659333e-01,1.94603224271707269e+01,4.65591582553668459e+00
8099,1,2.46091339976805443e+01,1,4.63988768600000003e+03,8.52623583426390752e+00,1.14373139594023812e+01,9.41509850311176288e-02,1.91719404146983514e+01,4.36753381306430910e+00
8131,1,1.32668785664770539e+00,1,4.66381610100000034e+03,8.69806187994724844e+00,1.11863737835249690e+01,1.68388205870478175e-01,1.97315420721910293e+01,4.92713547055698697e+00
8163,1,2.80650311852924865e+01,1,4.69716642800000045e+03,8.54412689504225753e+00,1.14075217592485565e+01,1.05155898514654289e-01,1.94502112233667006e+01,4.64580462173265829e+00
8195,1,1.48555023385316982e+01,1,4.72588567100000000e+03,8.52860981173981614e+00,1.14671344707914891e+01,9.28427006176235081e-02,1.92705407197431278e+01,4.46613411810908545e+00
8227,1,4.86498609833823537e-01,1,4.74984554000000026e+03,8.66680284898249909e+00,1.11891834580177392e+01,1.61582658171590204e-01,1.97312876525430134e+01,4.92688105090897110e+00
8259,1,2.22189194177999134e+01,1,4.78298128699999961e+03,8.40289289003112394e+00,1.17274681767709410e+01,1.10348621023160232e-01,1.94858133168400904e+01,4.68140671520604812e+00
8291,1,3.17957724438787075e+01,1,4.81157211900000038e+03,8.37285907488737813e+00,1.18081080586386413e+01,1.04734550072265342e-01,1.92289507204984176e+01,4.42454411886437526e+00
8323,1,1.24568460436405051e+01,1,4.83979754200000025e+03,8.58343668501351509e+00,1.13471699024378196e+01,1.54431116899000132e-01,1.97314305295333732e+01,4.92702392789933086e+00
8355,1,2.27339737855307717e+01,1,4.86809583600000042e+03,8.45735973509595418e+00,1.15772045553452365e+01,1.13467249998621955e-01,1.94959708556755729e+01,4.69156425404153055e+00
8387,1,2.29872186077898277e+01,1,4.89641333300000042e+03,8.35618802474539812e+00,1.17778434705638588e+01,1.03729758395065097e-01,1.92384832637422889e+01,4.43407666210824658e+00
8419,1,9.04976534336130811e+00,1,4.91593457500000022e+03,8.33763906413021161e+00,1.17944188470499451e+01,1.75413323529532122e-01,1.97332394748537787e+01,4.92883287321973640e+00
8451,1,2.53042112534390107e+00,1,4.94444779000000017e+03,8.34300516795281943e+00,1.18163196567800650e+01,1.15416947535550901e-01,1.93431371318862091e+01,4.53873053025216677e+00
8483,1,1.55838675856182576e+01,1,4.97306966499999999e+03,8.37167183470809384e+00,1.17686656531889664e+01,1.01847208450154464e-01,1.93220992566094729e+01,4.51769265497543060e+00
8515,1,1.75287589631522103e+01,1,4.99251276400000006e+03,8.34645808631239561e+00,1.17009430012275129e+01,1.67032283675594057e-01,1.97328672633086235e+01,4.92846066167458119e+00
8547,1,2.17317777480064862e+01,1,5.02092527900000005e+03,8.24565571378057527e+00,1.20804101560154571e+01,1.23618805502343942e-01,1.94511059841854461e+01,4.64669938255140380e+00
8579,1,1.92509575599825098e+01,1,5.04049906800000008e+03,8.20672130417875323e+00,1.21115090014566391e+01,1.17606111040245404e-01,1.90926489098306824e+01,4.28824230819664010e+00
8611,1,7.56811335955319464e-01,1,5.05993455999999969e+03,8.27321460858549607e+00,1.18469695819541201e+01,1.62847994267686119e-01,1.97331505034038166e+01,4.92874390176977428e+00
8643,1,1.54178658275339444e+01,1,5.07948172299999987e+03,8.35757251883206109e+00,1.16230894067979555e+01,1.22366552771725534e-01,1.93171777992490590e+01,4.51277119761501666e+00
8675,1,3.86240228412307403e+01,1,5.10798341900000014e+03,8.28882430185225871e+00,1.19041623440271209e+01,1.06200370984007836e-01,1.93525591536828934e+01,4.54815255204885105e+00
8707,1,7.53122534962364085e+01,0,5.11414514299999973e+03,8.18110182932448460e+00,1.18930354081941907e+01,1.67683155070977086e-01,1.97338390911028760e+01,4.92943248946883372e+00
8739,1,3.90508578923560279e+01,1,5.14257430500000009e+03,8.28074685139004352e+00,1.18930984751275268e+01,1.17181814815620761e-01,1.94565211817457353e+01,4.65211458011169299e+00
8771,1,1.24020641751581948e+01,1,5.16219331200000033e+03,8.28125269296893585e+00,1.17614518679175131e+01,1.08574036238650085e-01,1.89538772981995614e+01,4.14947069656551903e+00
8803,1,1.72092489333691638e+01,1,5.18184873400000015e+03,8.47429562849708873e+00,1.13951003925901109e+01,1.55870591261171088e-01,1.97319874298739144e+01,4.92758082823987209e+00
8835,1,1.41621611808387016e+00,1,5.20609657900000002e+03,8.33970258646495211e+00,1.17132381103298666e+01,1.13565647795783098e-01,1.89976314315562078e+01,4.19322482992216550e+00
8867,1,1.45471951056214479e+01,0,5.21239994300000035e+03,8.13765829972157206e+00,1.19676528998661773e+01,9.47591222141541401e-02,1.83266909054174718e+01,3.52228430378342949e+00
8899,1,1.78047349293986770e+01,1,5.23208231700000033e+03,8.43364367155671246e+00,1.14451940417673086e+01,1.62466888527231040e-01,1.97321562623799700e+01,4.92774966074592768e+00
8931,1,3.37916358276167017e+00,1,5.25641047199999957e+03,8.60613432949208246e+00,1.12443145768469535e+01,1.13686360377838913e-01,1.92361578405867668e+01,4.43175123895272449e+00
8963,1,1.45827806809707710e+01,1,5.28537305899999956e+03,8.43281778153363604e+00,1.16117884432037997e+01,9.46744158812288794e-02,1.92386656585569895e+01,4.43425905692294720e+00
8995,1,4.05547119359753694e+01,0,5.29163214100000005e+03,8.41782634350728465e+00,1.13748455934361044e+01,1.60576327634044724e-01,1.97320579950432737e+01,4.92765139340923142e+00
9027,1,3.46803380246410242e+00,1,5.32062919200000033e+03,8.45181351624645316e+00,1.15414620220981785e+01,1.05089332331620711e-01,1.93342499592182193e+01,4.52984335758417700e+00
9059,1,3.89533745811482959e+01,1,5.34964147299999968e+03,8.51011945347771892e+00,1.14351538752456836e+01,9.90003421076203760e-02,1.92593196757618941e+01,4.45491307412785176e+00
9091,1,4.32115448339525798e+00,1,5.37394554200000039e+03,8.86463033068779183e+00,1.08337999875183808e+01,1.49817970931293093e-01,1.97305921344097897e+01,4.92618553277574733e+00
9123,1,2.87220229989613429e+01,1,5.40315059199999996e+03,8.55820759519443719e+00,1.13263250032716432e+01,1.03751298026697358e-01,1.92767893089422486e+01,4.47238270730820631e+00
9155,1,5.02744869164646957e+00,0,5.40951036899999963e+03,8.28080001895656892e+00,1.16674571973818999e+01,8.42664178054417790e-02,1.84533120145806855e+01,3.64890541294664317e+00
9187,1,3.24641567699617895e+01,1,5.43849013500000001e+03,8.85973583281113086e+00,1.08341867339655575e+01,1.58083767427071642e-01,1.97305913018416703e+01,4.92618470020762800e+00
9219,1,1.95882529921030972e+01,1,5.45834421399999974e+03,8.76899450202695263e+00,1.09244021977847847e+01,1.09218038768954001e-01,1.92782508812551363e+01,4.47384427962109399e+00
9251,1,2.74986371886403163e+01,1,5.48725302900000042e+03,8.58995536173920016e+00,1.13465193168085570e+01,8.85517291814586771e-02,1.92288098350921146e+01,4.42440323345807229e+00
9283,1,3.73038418987975504e+01,0,5.49345601999999963e+03,8.91250069364655317e+00,1.07007226598253222e+01,1.58416365116697100e-01,1.97308105796042987e+01,4.92640397797025642e+00
9315,1,1.45115229772668108e+01,1,5.52266294199999993e+03,8.66107787329051959e+00,1.11966252895158256e+01,9.85387076495138903e-02,1.93253159338562561e+01,4.52090933222221381e+00
9347,1,1.89537532786571425e+01,1,5.54252840800000013e+03,8.60571937624552064e+00,1.11699327695908721e+01,9.30309668210225760e-02,1.89512297863131991e+01,4.14682318467915678e+00
9379,1,4.15632790978599473e+01,0,5.54862983299999996e+03,9.19541567912796864e+00,1.03821918510060041e+01,1.42402468588599118e-01,1.97301438713180737e+01,4.92573726968403136e+00
9411,1,7.55454370935989061e+00,0,5.55500191199999972e+03,8.58081198266371281e+00,1.11693672243450397e+01,9.09572349979714256e-02,1.89377192793061084e+01,4.13331267767206612e+00
9443,1,4.98072771561743437e+01,0,5.56141929900000014e+03,8.48939584657525970e+00,1.13990106754764486e+01,8.33317927544778292e-02,1.88218960319859150e+01,4.01748943035187267e+00
9475,1,4.02047922316003223e+01,0,5.56745982999999978e+03,9.24646824805646794e+00,1.03136659306505898e+01,1.51758821458840482e-01,1.97300270877792379e+01,4.92562048614519554e+00
9507,1,3.08260630771870865e+01,0,5.57379520099999991e+03,8.78899883822621497e+00,1.08683437640825282e+01,1.00219306087554860e-01,1.92876023611666199e+01,4.48319575953257754e+00
9539,1,1.08824760139281764e+01,1,5.59809278100000029e+03,8.63005965385122309e+00,1.13025986003274745e+01,8.86095461843885435e-02,1.90361062975478994e+01,4.23169969591385708e+00
9571,1,3.66147005437615647e+01,0,5.60412426799999957e+03,9.07555378779606947e+00,1.05295618278844572e+01,1.61244590048531894e-01,1.97308526214314170e+01,4.92644601979737473e+00
9603,1,2.92777590951547353e+01,1,5.63291305000000011e+03,8.71261085396065837e+00,1.11494086855702292e+01,9.87494092164926118e-02,1.93590880372548995e+01,4.55468143562085714e+00
9635,1,2.71953435001297237e+01,0,5.63922036699999990e+03,8.58622777481090793e+00,1.11729913685171578e+01,8.28239401483582272e-02,1.88788394565381736e+01,4.07443285490413132e+00
9667,1,1.24261827027642724e+01,1,5.65885299899999973e+03,8.96846138584076868e+00,1.06796840970213793e+01,1.48987357422819183e-01,1.97302473583017139e+01,4.92584075666767163e+00
9699,1,1.91140978556448253e+01,1,5.68791510699999981e+03,8.62641923702754276e+00,1.12739888129798178e+01,1.03002712483519915e-01,1.92826951530528312e+01,4.47828855141878890e+00
9731,1,1.68542575563320440e+00,0,5.69428316900000027e+03,8.34458897459648341e+00,1.16191588088512088e+01,8.44696744889142925e-02,1.86373180985091551e+01,3.83291149687511279e+00
9763,1,5.33305253699645831e+00,1,5.71854339100000016e+03,9.00481291899689751e+00,1.06576262222101033e+01,1.58115975719615526e-01,1.97302240482952662e+01,4.92581744666122390e+00
9795,1,6.34186690726179592e+00,1,5.74287335999999959e+03,8.69932113225529235e+00,1.10830466973299462e+01,1.11054363501707443e-01,1.92321244198565786e+01,4.42771781822253629e+00
9827,1,3.81746193318836191e+00,1,5.77194375299999956e+03,8.48496410572248116e+00,1.15550064065818354e+01,9.18521589601409005e-02,1.92066096754071154e+01,4.40220307377307307e+00
9859,1,1.27857925281089280e+00,1,5.79620845699999973e+03,8.69333633037394726e+00,1.11896882522192307e+01,1.66813420391722506e-01,1.97315391708850107e+01,4.92713256925096843e+00
9891,1,1.64684094048838290e+01,1,5.82987901599999987e+03,8.51371374737468223e+00,1.14942941420605607e+01,1.02467382345723085e-01,1.94637184389410152e+01,4.65931183730697285e+00
9923,1,3.67268541091596177e+01,1,5.85898297300000013e+03,8.58096001352770621e+00,1.13296690993653790e+01,9.62748214093323007e-02,1.92381874154784889e+01,4.43378081384444656e+00
9955,1,2.74714246702603404e+01,1,5.88760796099999970e+03,8.64561483584957458e+00,1.12293224018626301e+01,1.53313572168916723e-01,1.97312860989920580e+01,4.92687949735801567e+00
9987,1,2.95926234066224154e+01,1,5.92091199299999971e+03,8.41300721790983985e+00,1.16871166250510399e+01,1.11094956056259075e-01,1.94740533497833077e+01,4.66964674814926539e+00
10019,1,5.37406000355588986e+00,1,5.94518168400000013e+03,8.37531578829000445e+00,1.17967701073972702e+01,1.03122381716019063e-01,1.88159043312669318e+01,4.01149772963288953e+00
10051,1,1.51304005228776290e+01,1,5.97350474800000029e+03,8.60267595385647788e+00,1.13111668228960305e+01,1.61803486071967123e-01,1.97314354879696516e+01,4.92702888633560931e+00
10083,1,1.68901474899017856e+00,1,5.99787239000000045e+03,8.49391090375565128e+00,1.14771218155636685e+01,1.18114306680042080e-01,1.92439283386096776e+01,4.43952173697563524e+00
10115,1,6.82085942095283926e+00,1,6.02672007899999971e+03,8.33237316738922651e+00,1.18623147215135081e+01,1.01655000059228090e-01,1.92711016898601528e+01,4.46669508822611050e+00
10147,1,8.67896389001976409e+00,1,6.04642003300000033e+03,8.33482462652037093e+00,1.17955636713683170e+01,1.74258324373478851e-01,1.97332375467889669e+01,4.92883094515492459e+00
10179,1,2.58856649663482017e+01,1,6.07976707100000021e+03,8.32734711838030606e+00,1.18746695768855552e+01,1.13313176789954534e-01,1.95304231414173088e+01,4.72601653978326652e+00
10211,1,3.35459617877573422e+01,1,6.10835942299999988e+03,8.40313429871637929e+00,1.16682588796938393e+01,1.04695657375480367e-01,1.92903671287367935e+01,4.48596052710275117e+00
10243,1,1.35262265643280770e+01,1,6.12772728000000006e+03,8.33154201641703374e+00,1.17251393512091457e+01,1.60820999782993274e-01,1.97328635307299933e+01,4.92845692909595101e+00
10275,1,2.77574923643816831e+01,1,6.15600632200000018e+03,8.24958489342664514e+00,1.20552570563353516e+01,1.24127570565535666e-01,1.94325911908805402e+01,4.62818458924649789e+00
10307,1,4.32108576348690576e+00,0,6.16216927800000030e+03,8.08442355693603965e+00,1.22434917997828645e+01,1.07366969143078056e-01,1.86369894308833288e+01,3.83258282924928650e+00
10339,1,4.42289424835871259e+00,1,6.18150172199999997e+03,8.28704314972901734e+00,1.18254604745205842e+01,1.68332057419126574e-01,1.97331593816420110e+01,4.92875278000796868e+00
10371,1,4.91148684351571774e-01,1,6.20553218699999979e+03,8.18744934015361103e+00,1.21706203259667980e+01,9.82157323182060171e-02,1.91231316137786429e+01,4.31872501214460058e+00
10403,1,8.47483876461816266e+00,1,6.22507424400000036e+03,8.08218415574747340e+00,1.21996692093921730e+01,9.49956565394190211e-02,1.88447885372477728e+01,4.04038193561373049e+00
10435,1,1.09829051786788128e+02,0,6.23129212800000005e+03,7.86907693342459602e+00,1.28715788236667112e+01,9.87240080687138422e-02,1.87447325086208068e+01,3.94032590698676444e+00
10467,1,2.25029954220946848e+00,1,6.25096446800000012e+03,7.97839564213758656e+00,1.24359312516908975e+01,9.33937493258348572e-02,1.86795895785003943e+01,3.87518297686635194e+00
10499,1,4.51179875491220272e+01,1,6.27979916500000036e+03,8.17575056338650086e+00,1.21756992343887269e+01,9.58650949185009815e-02,1.93291273095146110e+01,4.52472070788056868e+00
10531,1,5.01311629977701045e+00,0,6.28609769299999971e+03,7.95072772320286703e+00,1.24790226943035503e+01,8.56213542911215819e-02,1.86421515697698759e+01,3.83774496813583355e+00
10563,1,4.82559196562191346e+01,1,6.31474202400000013e+03,8.06824322361240043e+00,1.24276408072567097e+01,8.60423146206119038e-02,1.90884852216869021e+01,4.28407862005285978e+00
10595,1,3.63195291252495522e+01,1,6.33449534099999983e+03,8.09128093686346261e+00,1.22571612605317046e+01,9.22945802090534007e-02,1.88844891217873538e+01,4.08008252015331152e+00
10627,1,2.11356458444959117e+01,1,6.35421861100000024e+03,8.01487610837390818e+00,1.24819489280657567e+01,9.21801008925026144e-02,1.87644880735777271e+01,3.96008147194368476e+00
10659,1,3.39114529669869995e+01,1,6.38316355999999996e+03,8.30168312664624786e+00,1.19270096694974850e+01,8.61949539684433719e-02,1.92459527083021875e+01,4.44154610666814520e+00
10691,1,4.61502682246270695e+01,1,6.41197932099999980e+03,8.26001842961469990e+00,1.19422534479590450e+01,8.13001057683955253e-02,1.91078264296153719e+01,4.30341982798132960e+00
10723,1,8.23300532277539077e+01,0,6.41828570299999956e+03,7.88854439419798936e+00,1.27719567556430196e+01,7.81880432546571136e-02,1.84212787847690258e+01,3.61687218313498349e+00
10755,1,3.34011345149507264e+01,1,6.44722551399999975e+03,8.14085042734654074e+00,1.22160922462039316e+01,7.65778842814343885e-02,1.89680192537158945e+01,4.16361265208185216e+00
10787,1,3.03083434731869623e+01,1,6.47595191100000011e+03,8.28907702544852576e+00,1.19371978311526998e+01,8.32068504276053944e-02,1.92175642707446173e+01,4.41315766911057494e+00
10819,1,8.02471579409129276e-01,0,6.48223790499999996e+03,8.04773935655467554e+00,1.22445514777534434e+01,7.20403983451356478e-02,1.85552208479897907e+01,3.75081424635574834e+00
10851,1,3.55334676037014958e+01,1,6.51096319200000016e+03,8.16014284061768613e+00,1.22246570961334449e+01,7.15076917193559758e-02,1.89543747565295071e+01,4.14996815489546478e+00
10883,1,3.12268692557131686e+01,1,6.53061296800000036e+03,8.19604075762078210e+00,1.20310787032496656e+01,8.01966237984370611e-02,1.87982527034115918e+01,3.99384610177754951e+00
10915,1,6.00473456658754401e+00,1,6.55037114399999973e+03,8.08965503689273113e+00,1.22753908507106928e+01,7.68518717548915264e-02,1.86772174723133944e+01,3.87281087067935204e+00
10947,1,6.67584613627008849e+00,1,6.56998077199999989e+03,8.37958528506228184e+00,1.16935595715725977e+01,7.91636388487336196e-02,1.90123909544061540e+01,4.20798435277211169e+00
10979,1,1.92835969050551768e+01,1,6.58982048099999975e+03,8.32763252374533280e+00,1.16976078105536079e+01,7.36149332443666038e-02,1.87413823266583321e+01,3.93697572502428983e+00
11011,1,1.02704437604166088e+02,0,6.59612250899999981e+03,7.97240492125220079e+00,1.26042996555649083e+01,6.55983033586099162e-02,1.84530196011239269e+01,3.64861299948988460e+00
11043,1,3.62193510474796909e+00,1,6.62030980699999964e+03,8.25147911476411622e+00,1.19904881880420895e+01,6.65587072620502651e-02,1.85017766195175106e+01,3.69737001788346831e+00
11075,1,7.50272832709530491e+00,1,6.64466564800000015e+03,8.41090431732868815e+00,1.17150262771105478e+01,7.61628329100299262e-02,1.89674360636912098e+01,4.16302946205716751e+00
11107,1,6.30923181640658939e+01,0,6.65095472700000028e+03,8.20329382373565963e+00,1.19866141499560115e+01,6.81442389141732607e-02,1.87757991983156103e+01,3.97139259668156797e+00
11139,1,2.57199057579091388e+01,1,6.67070638599999984e+03,8.21010454301486980e+00,1.20621603257610062e+01,6.70885738073427051e-02,1.87266343041093073e+01,3.92222770247526498e+00
11171,1,5.77881478764430838e+01,0,6.67701401299999998e+03,8.23084226333123326e+00,1.19663813549964200e+01,7.01114228330235179e-02,1.88186969314781400e+01,4.01429032984409773e+00
11203,1,4.23383857187764363e+01,0,6.68331226700000025e+03,8.10887190291791526e+00,1.22171563595669550e+01,6.39976656207138506e-02,1.86341093300538034e+01,3.82970272841976112e+00
11235,1,1.67590354198376801e+01,0,6.68967869400000018e+03,8.35487985893265872e+00,1.17038659284081419e+01,6.89944215785325554e-02,1.90104072608313963e+01,4.20600065919735400e+00
11267,1,3.03252589521256084e+01,0,6.69608429400000023e+03,8.28820180283228680e+00,1.17467702345448721e+01,6.36518674824062825e-02,1.86954748059891571e+01,3.89106820435511480e+00
11299,1,1.33019453442325869e+02,0,6.70240566000000035e+03,8.03515270489984346e+00,1.25149238706855463e+01,6.53586299190720144e-02,1.85990227997803395e+01,3.79461619814629714e+00
11331,1,2.60616517273291493e-01,0,6.70878992800000015e+03,8.11144542245854083e+00,1.20837352261704361e+01,5.52827476311064658e-02,1.84375168977627908e+01,3.63311029612874847e+00
11363,1,3.40115707061634964e-01,0,6.71512719899999956e+03,8.31640738549148573e+00,1.17666361470810354e+01,6.60463013432848189e-02,1.89519342996420370e+01,4.14752769800799470e+00
11395,1,3.63043667161851218e+01,0,6.72151462100000026e+03,8.14327064905332243e+00,1.20531655826677362e+01,6.69784177699571104e-02,1.86089019737221655e+01,3.80449537208812316e+00
11427,1,4.54336042416625361e+01,1,6.75053158799999983e+03,8.20271339397233135e+00,1.21640089364610589e+01,6.82601661059287212e-02,1.89556111100150275e+01,4.15120450838098520e+00
11459,1,1.27888761373772368e+01,0,6.75691013600000042e+03,8.13028121447126217e+00,1.21241656977782331e+01,7.10109005157615325e-02,1.86894413922591589e+01,3.88503479062511659e+00
11491,1,9.84974464313623344e-01,0,6.76326639499999965e+03,8.04007695025694780e+00,1.23023998934357923e+01,6.30268943615007460e-02,1.84585965734217048e+01,3.65418997178766247e+00
11523,1,5.28668178005081302e+00,1,6.78765539199999967e+03,8.37912704282426368e+00,1.17538989288494058e+01,8.10104041046838252e-02,1.89897240889647811e+01,4.18531748733073883e+00
11555,1,1.23119222754526447e+00,1,6.81195888999999988e+03,8.32011953689237593e+00,1.18366150505074064e+01,7.69186931157932741e-02,1.86926451289611641e+01,3.88823852732712183e+00
11587,1,8.39405325621394098e+01,0,6.81821155400000043e+03,7.92030584075497579e+00,1.26962403716416556e+01,7.02159289064719638e-02,1.83936752554133136e+01,3.58926865377927129e+00
11619,1,3.22238109069976701e+01,1,6.84714023100000031e+03,8.19078418820581255e+00,1.21214458958320197e+01,7.08960664502222560e-02,1.89269949448651857e+01,4.12258834323114343e+00
11651,1,3.45416948952361338e+01,1,6.87619004599999971e+03,8.35131237830284334e+00,1.18190192785915258e+01,7.87484564671967757e-02,1.91942435350232472e+01,4.38983693338920489e+00
11683,1,1.05230879011689638e+00,0,6.88258644800000002e+03,7.99805210853186921e+00,1.23033980817335866e+01,7.47389944689676178e-02,1.84733377756516681e+01,3.66893117401762581e+00
11715,1,2.77562066750041403e+01,1,6.91169231800000034e+03,8.10630017636819389e+00,1.23715270082055184e+01,7.91040715309919706e-02,1.90072737553837037e+01,4.20286715374966136e+00
11747,1,1.35386119749318929e+01,1,6.93151539299999968e+03,8.12677173704207156e+00,1.22185444483099488e+01,8.80090583299112383e-02,1.88709012960355338e+01,4.06649469440149147e+00
11779,1,9.92297857552080842e+00,1,6.95137529100000029e+03,8.04667026105793148e+00,1.23332535026341201e+01,8.16080178818302804e-02,1.86001219177658612e+01,3.79571531613181889e+00
11811,1,4.75938671652292555e+01,1,6.98038974700000017e+03,8.25250933868232650e+00,1.19926850362716682e+01,9.06174232983944505e-02,1.92931831413476012e+01,4.48877653971355883e+00
11843,1,4.54773202956483331e+01,1,7.00947883300000012e+03,8.19360594398361641e+00,1.21035938948192374e+01,8.84379468652816414e-02,1.91706936049851819e+01,4.36628700335113962e+00
11875,1,9.34462609146631564e+01,0,7.01585451600000033e+03,7.87311755432686322e+00,1.28296731209194323e+01,8.81063730960452429e-02,1.85437805214393734e+01,3.73937391980533107e+00
11907,1,3.91558624124388857e+01,1,7.04506207400000039e+03,8.08989826172292403e+00,1.23572110407478934e+01,8.52284783373862542e-02,1.90604450014995379e+01,4.25603839986549559e+00
11939,1,3.46296885505151977e+01,1,7.07404644499999995e+03,8.22944686061979880e+00,1.20587523651156747e+01,8.90862807025648851e-02,1.92645752091233184e+01,4.46016860748927613e+00
11971,1,3.21324788370188870e+01,0,7.08042129099999966e+03,7.92662170281233891e+00,1.25044331765468986e+01,9.01175416047586830e-02,1.86573681645503378e+01,3.85296156291629543e+00
12003,1,5.13587014148886567e+00,1,7.10022703799999999e+03,7.97013410739663630e+00,1.25604968380503923e+01,9.65656901485412444e-02,1.88819350165704520e+01,4.07752841493640972e+00
12035,1,1.67417332837749626e+01,0,7.10655966400000034e+03,7.93160680467642898e+00,1.25769408018670319e+01,9.58779149567456912e-02,1.88668267768662510e+01,4.06242017523220866e+00
12067,1,1.76038331136398511e+01,0,7.11287807299999986e+03,7.86505387897198016e+00,1.26928501297475727e+01,8.99583040422757829e-02,1.85357972677627458e+01,3.73139066612870351e+00
12099,1,1.87507074403969227e+01,1,7.13262661699999990e+03,8.15351211575641344e+00,1.21005868575515567e+01,9.91243803344755148e-02,1.90552387196636204e+01,4.25083211802957806e+00
12131,1,4.57850266823835170e+01,1,7.16152302799999961e+03,8.13287167277342427e+00,1.22641324459749299e+01,9.47393870701063734e-02,1.92852109802530798e+01,4.48080437861903746e+00
12163,1,1.07048646845697178e+02,0,7.16780748099999983e+03,7.87062077271682625e+00,1.28725787865940067e+01,9.92342310015733309e-02,1.87666767264480967e+01,3.96227012481405438e+00
12195,1,4.86863198218136830e+01,1,7.19674103399999967e+03,8.04818335173972521e+00,1.24766354044148056e+01,9.37764619480934980e-02,1.91981271270993119e+01,4.39372052546526959e+00
12227,1,1.48887394140695903e+01,1,7.21643565899999976e+03,8.13802702557495117e+00,1.20990740613336296e+01,9.67161249642185528e-02,1.89832664607464636e+01,4.17885985911242130e+00
12259,1,2.33068420942317118e+01,1,7.23608860000000004e+03,8.08583962629153952e+00,1.23336578325747066e+01,9.53633776850983106e-02,1.89506100996892002e+01,4.14620349805515787e+00
12291,1,7.72430147869800976e+00,1,7.26019196399999964e+03,8.06981401595860603e+00,1.23997582968228937e+01,8.50360393358635946e-02,1.85358999425320938e+01,3.73149334089805151e+00
12323,1,1.03364599525406149e+01,0,7.26648651299999983e+03,7.95434214695822472e+00,1.24124287959874664e+01,8.18754776434901521e-02,1.85228549657063795e+01,3.71844836407233714e+00
12355,1,5.99163674443708771e-01,0,7.27279930100000001e+03,7.87590873030242289e+00,1.26522827228309112e+01,8.20327095140526430e-02,1.84402910617945217e+01,3.63588446016047939e+00
12387,1,6.21771336869624491e+00,1,7.29254158499999994e+03,8.26275842091052759e+00,1.18281929383927249e+01,8.70451154820953144e-02,1.89200622240408833e+01,4.11565562240684102e+00
12419,1,2.56593672636095533e+01,1,7.32144128499999988e+03,8.23812634056825921e+00,1.20355751828145436e+01,8.08546037732158773e-02,1.91531600317980804e+01,4.34875343016403804e+00
12451,1,7.76088206467373141e+01,0,7.32777558800000043e+03,7.89067742646391679e+00,1.27740959173303512e+01,7.88606260024468098e-02,1.84520186706708280e+01,3.64761206903678570e+00
12483,1,1.60184996081608055e+01,1,7.35683270699999957e+03,8.13072640940037594e+00,1.22787439858844252e+01,7.72952557055459344e-02,1.90137461170858302e+01,4.20933951545178786e+00
12515,1,8.37059385119651012e+00,1,7.38129925000000003e+03,8.31765392341368681e+00,1.18290054798598714e+01,8.43829608543237575e-02,1.88573305610670872e+01,4.05292395943304484e+00
12547,1,1.84355815162406351e+01,1,7.40122957700000006e+03,8.18312374342437820e+00,1.20991178789465827e+01,8.21103892735705054e-02,1.88335160518826221e+01,4.02910945024857980e+00
12579,1,4.93369154715739100e+01,1,7.43048195300000043e+03,8.16431998644769585e+00,1.21831361880098790e+01,7.03527596613603146e-02,1.89116943621033826e+01,4.10728776046934030e+00
12611,1,9.79845460734207307e+00,0,7.43685764800000015e+03,8.06188965367572763e+00,1.21796207352294896e+01,6.95178498224788832e-02,1.85082948320131173e+01,3.70388823037907500e+00
12643,1,1.79540705555018434e+01,1,7.45666404799999964e+03,8.08407819459957366e+00,1.22644361824184305e+01,7.49243627106721821e-02,1.86000732768374313e+01,3.79566667520338896e+00
12675,1,1.77698884021107020e+01,0,7.46304607200000009e+03,8.30846718315807564e+00,1.16893276634584602e+01,7.06934630454123247e-02,1.87653503613894266e+01,3.96094375975538426e+00
12707,1,4.24744623390303104e+01,1,7.49208930799999962e+03,8.35574277757931760e+00,1.18194499020033597e+01,7.30686390042831757e-02,1.91286815960765111e+01,4.32427499444246877e+00
12739,1,9.71507150562691351e+01,0,7.49845060999999987e+03,7.97555160417876063e+00,1.26067382874668805e+01,6.63933613716680138e-02,1.84828870504387162e+01,3.67848044880467384e+00
12771,1,3.27801833790102961e+01,1,7.52762504700000045e+03,8.23353484427210347e+00,1.20762096237532663e+01,6.73342322603550092e-02,1.89727132682339068e+01,4.16830666659986449e+00
12803,1,6.77192130603183529e+00,0,7.53400865499999964e+03,8.28765563553566587e+00,1.17099611049892864e+01,6.77563121019883752e-02,1.86878403558480990e+01,3.88343375421405668e+00
12835,1,5.21514883131407458e+01,0,7.54032250099999965e+03,8.21081725717933253e+00,1.20007215866561747e+01,7.06411099459471059e-02,1.88241231113573910e+01,4.01971650972334871e+00
12867,1,2.21123886634276801e+01,0,7.54666948299999967e+03,8.09206002577991157e+00,1.21622630002601397e+01,5.59210319270912193e-02,1.84491391566299008e+01,3.64473255499585846e+00
12899,1,6.84720235190453081e+01,0,7.55302692099999967e+03,8.22237042867922874e+00,1.19537709198169999e+01,6.75732809631929277e-02,1.87752517159166779e+01,3.97084511428263554e+00
12931,1,5.49674594814502768e+01,0,7.55937553300000036e+03,8.10040348768640683e+00,1.22030188297479398e+01,6.16622097984837469e-02,1.85738019628366224e+01,3.76939536120258012e+00
12963,1,5.79994547657273003e+01,0,7.56580432899999960e+03,8.40981747593305151e+00,1.15477334732117303e+01,7.05098573193559952e-02,1.88901939940784516e+01,4.08578739244440925e+00
12995,1,1.58740397919934750e+01,1,7.58578603199999998e+03,8.35905847713641847e+00,1.17588369626870843e+01,7.27111729323434708e-02,1.89335697776343110e+01,4.12916317600026872e+00
13027,1,1.27967223562211728e+02,0,7.59210798599999998e+03,8.03865698508336735e+00,1.25169699277655067e+01,6.61763486674926960e-02,1.86246746645855588e+01,3.82026806295151644e+00
13059,1,1.56362107625837581e+01,1,7.61669396599999982e+03,8.27376266517196157e+00,1.20155180333057281e+01,6.68419270069971760e-02,1.87396873915465143e+01,3.93528078991247199e+00
13091,1,4.74214187878243649e+01,0,7.62313978599999973e+03,8.37788732584768248e+00,1.15920707056385659e+01,6.79623155077633823e-02,1.88237072137815673e+01,4.01930061214752499e+00
13123,1,2.38401521123457769e+01,0,7.62955454999999984e+03,8.15039157689253990e+00,1.20671973556351020e+01,6.94696230988706143e-02,1.86608709502983849e+01,3.85646434866434262e+00
13155,1,7.36274487717196280e-01,1,7.64950676300000032e+03,8.12677465065621085e+00,1.21151712671164589e+01,6.71352434458809821e-02,1.85113998819432908e+01,3.70699328030924846e+00
13187,1,2.60393576478661473e+01,0,7.65591938800000025e+03,8.12395133957013726e+00,1.21083207524700125e+01,6.85942326477276820e-02,1.86247643487978642e+01,3.82035774716382193e+00
13219,1,1.56041677243595487e+01,0,7.66233776000000034e+03,8.03208296308890368e+00,1.22880951210162213e+01,6.07112008793639357e-02,1.83964901467375981e+01,3.59208354510355576e+00
13251,1,2.83340690177039747e+01,1,7.68236254600000029e+03,8.35406425532174524e+00,1.16428613513311934e+01,8.19134548623479397e-02,1.89049561170732154e+01,4.10054951543917312e+00
13283,1,2.40275548987756942e+01,1,7.71157740800000010e+03,8.29121800964914968e+00,1.19464624026397139e+01,7.63571686836718722e-02,1.91235825445988965e+01,4.31917594296485419e+00
13315,1,7.84501512422575189e+01,0,7.71793977300000006e+03,7.92285393562895912e+00,1.26988092761733302e+01,7.09619903662862261e-02,1.84254287348376948e+01,3.62102213320365252e+00
13347,1,1.20711567719331967e+01,1,7.74705908699999964e+03,8.17661181541826387e+00,1.21967998193590770e+01,7.15964273402675822e-02,1.89710337727570568e+01,4.16662717112301451e+00
13379,1,1.00777907427824189e+01,1,7.76691907400000036e+03,8.32044979093166681e+00,1.16939406315722660e+01,8.00450029197295743e-02,1.88344354549962638e+01,4.03002885336222150e+00
13411,1,2.67493473377646751e+01,1,7.78673639999999978e+03,8.13556277073833733e+00,1.21435843225430471e+01,8.54302511636691742e-02,1.88177339281719256e+01,4.01332732653788327e+00
13443,1,4.01539083681057178e+01,1,7.81570214399999986e+03,8.10918139064237842e+00,1.23365251098123228e+01,7.80668217152717392e-02,1.89741451349856050e+01,4.16973853335156264e+00
13475,1,2.39948230012015244e+01,1,7.83556577800000014e+03,8.12119775175185765e+00,1.22082010383875872e+01,8.61064054688940317e-02,1.88198401387677450e+01,4.01543353713370266e+00
13507,1,2.15897730265886310e+01,1,7.85533216999999968e+03,8.04102598840852600e+00,1.23238161752064919e+01,7.97382075395583478e-02,1.85542471328538099e+01,3.74984053121976757e+00
13539,1,1.89391720064480040e+01,1,7.87511986600000000e+03,8.21305522239792651e+00,1.19103428078889895e+01,9.13189143418205451e-02,1.88988724688324687e+01,4.09446586719842642e+00
13571,1,2.71614925977720070e+01,1,7.90410133299999961e+03,8.17740894902355819e+00,1.21823298767646158e+01,8.80746130293019736e-02,1.92090976937007696e+01,4.40469109206672726e+00
13603,1,8.96840466882713088e+01,0,7.91043285699999979e+03,7.87493580959512318e+00,1.28312062343106952e+01,8.86970096464111124e-02,1.85708468353188998e+01,3.76644023368485747e+00
13635,1,2.42802375084404893e+01,1,7.93945730000000003e+03,8.08292561887043703e+00,1.24080355421696158e+01,8.55980313857571673e-02,1.90971264211994622e+01,4.29271981956541993e+00
13667,1,1.00885325276750137e+00,1,7.95930743999999959e+03,8.18478310997778991e+00,1.19668973065499884e+01,9.00983828430967360e-02,1.88514238253607438e+01,4.04701722372670147e+00
13699,1,2.20695862778660654e+01,0,7.96561704800000007e+03,7.93161822492930479e+00,1.25123479141761482e+01,9.19417978520793988e-02,1.87097201588941999e+01,3.90531355726015761e+00
13731,1,2.12561663580057854e+01,1,7.98537485000000015e+03,7.97030471553966890e+00,1.25382944807069503e+01,9.56933226841373830e-02,1.87546753829502109e+01,3.95026878131616854e+00
13763,1,2.62848323202038721e+01,0,7.99169455300000027e+03,7.92681007893330047e+00,1.25680635118376820e+01,9.41879991219049251e-02,1.87926630540763213e+01,3.98825645244227900e+00
13795,1,2.82209650934108041e+01,0,7.99800946500000009e+03,7.86025796190929071e+00,1.26852278615578573e+01,8.83341281382604149e-02,1.84768337214702356e+01,3.67242711983619330e+00
